   2.5713707e+01   5.9152709e+02   3.0530198e-01   2.8348256e+01
  -1.4091495e+01   9.4250101e+02   7.3244554e-01   2.4093317e+01
   8.6562933e+00   7.3355871e+01   2.7214042e-01   3.4568119e+01
   6.6853262e+01   9.7870471e+02   4.7201433e-01   1.5122515e+01
   2.1437775e+00   3.0229160e+02   1.8505378e-01   1.7966695e+01
   1.1329601e+01   1.5560812e+02   3.0137753e-01   3.0041204e+01
   7.5682300e+01   6.6436988e+02   6.3923641e-01   2.1981739e+01
   1.7907009e+01   7.6814035e+02   2.1500690e-01   1.1544147e+01
   4.5257239e+01   5.4502263e+02   1.9818557e-01   1.9186388e+01
   6.2278047e+01   9.8890968e+02   6.8148401e-01   1.6926137e+01
  -5.2354403e+00   4.5475024e+02   6.9879194e-01   2.7757040e+01
   5.3041800e+01   9.5488440e+02   2.4285165e-01   3.0812542e+01
   6.5646647e+00   1.3685567e+02   2.5323774e-01   1.3553684e+01
  -6.9698993e+00   8.8665167e+02   5.2872530e-01   1.0138090e+01
   7.7077785e+01   4.6473778e+02   3.5397416e-01   2.4336864e+01
   3.7135050e+00   3.2564503e+02   6.4865028e-01   1.2665632e+01
   5.9218596e+00   3.9779428e+02   1.8126582e-01   2.7660674e+01
  -8.8882953e+00   8.3233531e+02   3.9394454e-01   2.1734421e+01
   4.9261857e+01   5.7531754e+02   4.8964616e-01   3.1307124e+01
   6.5141395e+01   5.6976010e+02   2.8871654e-01   3.4937065e+01
   7.3083501e+01   6.3466361e+02   1.4869603e-01   2.6696508e+01
  -1.3761576e+01   7.5406363e+02   1.3255694e-01   1.5279965e+01
   4.1020683e+01   7.3586370e+02   2.8468165e-01   1.2810874e+01
   5.9607543e+01   1.6274104e+02   3.3388790e-01   1.0298870e+01
   1.6452007e+01   4.1803211e+02   6.9207769e-01   2.5529996e+01
   1.8931569e+01   3.4225177e+02   3.3803670e-01   1.0880387e+01
   5.4856101e+01   2.6971558e+01   3.8227414e-01   1.5986760e+01
   5.0767273e+01   3.6697870e+02   3.2324000e-01   2.3229152e+01
   5.8208220e+01   6.9838326e+02   1.1926260e-01   1.4778791e+01
   6.8902073e+01   2.8226008e+02   6.0707705e-01   2.1084376e+01
   2.7736246e+01   6.0892205e+02   1.3178843e-01   2.5162924e+01
   6.1833213e+01   4.4828449e+02   7.1625468e-01   1.6281139e+01
   5.5902067e+01   7.9289306e+02   6.5435272e-01   1.4639276e+01
  -9.1758073e+00   1.4918471e+02   4.6494284e-01   3.0602578e+01
  -1.8338871e+01   5.5055663e+02   4.4535550e-01   1.4417762e+01
   6.4494594e+01   5.3459077e+02   2.6819851e-01   1.8355491e+01
   4.8834580e+01   5.0451785e+02   4.0672986e-01   3.1934067e+01
   2.9776583e+01   9.9424220e+02   4.3643013e-01   1.8721695e+01
   2.6724911e+01   7.5091439e+00   5.9897512e-01   2.3570595e+01
   3.6650158e+01   6.7710137e+02   6.2719248e-01   2.5425917e+01
   3.3887432e+01   7.0694581e+02   4.5718855e-01   1.3849139e+01
   6.7663220e+01   2.1499337e+02   4.0367697e-01   1.9685385e+01
   6.9815220e+01   8.1198267e+02   5.0360699e-01   3.1676414e+01
   7.9260111e+01   8.2581448e+02   4.7994109e-01   1.7066362e+01
   7.0386908e+01   4.3771320e+02   4.1518320e-01   1.2031187e+01
   6.3770096e+01   8.9828066e+02   3.6506020e-01   2.9160399e+01
   1.9380312e+01   2.9616801e+02   1.0328623e-01   2.1382054e+01
   5.6183602e+01   8.4492686e+02   3.7021116e-01   2.6171926e+01
   2.8688740e+01   2.4043415e+02   1.6689264e-01   2.8759638e+01
   7.8961645e+01   9.1032059e+02   5.6848223e-01   2.9380621e+01
   7.1084649e+01   7.8513040e+02   7.2852467e-01   2.4624343e+01
   3.9237442e+01   1.0197750e+02   5.5279942e-01   1.3021583e+01
   2.4039875e+01   2.1058772e+02   2.6155702e-01   1.1464366e+01
   2.2950386e+01   9.3028837e+02   7.4299705e-01   3.3085626e+01
  -1.1874526e+00   3.8196595e+02   1.1278506e-01   2.6443712e+01
   1.0540758e+01   8.7940135e+02   6.7782605e-01   2.5947033e+01
  -1.0877116e+01   5.3361914e+01   5.1259663e-01   1.1124143e+01
   5.1692923e+01   5.2470761e+02   2.2268093e-01   1.3256933e+01
   4.0101516e+01   4.8770816e+02   3.5031808e-01   3.1004238e+01
   3.4985556e+01   6.8221340e+02   7.2202106e-01   1.6027436e+01
   3.5117820e+01   6.1457689e+02   5.4736178e-01   2.8246069e+01
  -1.5706121e+01   2.6321215e+02   6.8686688e-01   3.3880967e+01
   1.5927552e+01   6.4400448e+01   5.6472567e-01   1.1901377e+01
  -7.9214328e+00   3.3669950e+01   5.8645512e-01   3.4322244e+01
  -3.3714118e+00   2.2527381e+02   1.6268955e-01   2.3345494e+01
   5.7643752e+01   6.5915875e+02   2.7852605e-01   2.9842524e+01
  -4.5989614e+00   1.1409414e+02   5.8824897e-01   3.0373901e+01
  -1.1635568e+01   6.4085305e+02   6.6985526e-01   1.7680651e+01
   3.7063390e+01   7.1062944e+02   3.9110049e-01   1.5563310e+01
   3.0697116e+01   1.7355552e+01   7.4583682e-01   2.2026583e+01
   4.4237201e+01   2.7752631e+02   4.1870882e-01   2.3783103e+01
   1.4883793e+01   2.4298337e+02   2.2393141e-01   2.4787244e+01
   3.2083304e+01   3.1596859e+02   5.2213439e-01   1.8940913e+01
   4.2397377e+01   1.9219186e+02   6.4061355e-01   3.3521160e+01
   7.2328103e+01   5.1289740e+02   1.5772107e-01   2.8592191e+01
  -7.3174955e-01   9.6822627e+02   1.9733025e-01   1.0672210e+01
   3.8040350e+01   9.2131283e+02   6.6391237e-01   3.3428452e+01
   9.2931789e+00   4.2159499e+02   4.3979266e-01   2.2541632e+01
   2.0067169e+01   2.5945690e+02   3.1409617e-01   2.7389753e+01
  -1.7494789e+01   7.7026260e+02   6.0096683e-01   3.2961027e+01
   4.6438776e+01   1.2231158e+02   4.2536942e-01   1.7430598e+01
   1.2228774e+01   1.8893542e+02   3.1481976e-01   3.2679840e+01
   3.1759804e+01   8.5333527e+02   2.3616450e-01   1.2336086e+01
   4.7782364e+01   9.3768005e+01   1.7706126e-01   2.0626711e+01
   5.2208559e+01   7.4366455e+02   6.2647133e-01   1.9339813e+01
  -1.9790739e+01   4.0568957e+02   2.4737617e-01   2.2983709e+01
   2.3039394e+01   4.7710028e+02   1.2210460e-01   1.8059930e+01
   2.1338587e+01   8.9468209e+01   5.2927832e-01   1.4093507e+01
  -1.6981651e+01   7.2585967e+02   5.3882187e-01   1.6568718e+01
  -1.2806425e+01   8.0172048e+02   7.0792620e-01   2.0486854e+01
   1.0881090e+00   4.9629513e+02   2.0414238e-01   3.4071375e+01
   6.0266921e+01   3.3094593e+02   1.4175636e-01   2.9747832e+01
  -2.8610727e+00   9.0651718e+02   4.9581114e-01   2.0109955e+01
   7.9195651e+00   5.8422277e+02   5.7754166e-01   2.7145488e+01
   4.3125592e+01   4.3388959e+01   5.5711694e-01   3.2395112e+01
   7.4093046e+01   3.5992575e+02   3.7494757e-01   1.9941446e+01
   1.3801507e+01   8.6142417e+02   3.4348325e-01   3.2030486e+01
   8.8316229e-01   6.2813557e+02   6.1611508e-01   2.0970667e+01
   7.6802088e+01   1.7296310e+02   4.5856373e-01   2.2420943e+01
   4.1683163e+00   3.7523676e+02   5.0005296e-01   2.6999079e+01
