0.783461728
0.694199316
0.777255357
0.816754118
0.855183396
0.779157834
0.743749084
0.871114786
0.850679875
0.760538796
0.67887325
0.801701241
0.856586931
0.830138717
0.807580733
0.793173714
0.827537697
0.786468385
0.717154962
0.77848553
0.862346363
0.875518526
0.854790694
0.866331334
0.694099532
0.853886111
0.848078852
0.802905206
0.888362843
0.753048498
0.851977159
0.758829342
0.780461588
0.725662876
0.815012129
0.844798822
0.73959854
0.792574981
0.804987789
0.710237017
0.817020887
0.809543384
0.721797811
0.813294713
0.849128859
0.77177373
0.869505221
0.778565643
0.830743932
0.722137279
0.701855412
0.808200501
0.863903982
0.638096991
0.855382979
0.694605024
0.829240604
0.867715426
0.759727412
0.754705433
0.71414173
0.647815437
0.814812549
0.687494095
0.845970313
0.794596791
0.693301262
0.75119984
0.819927753
0.73136374
0.772645585
0.822329186
0.773044734
0.66345403
0.854131219
0.877327675
0.656536069
0.771142257
0.784565905
0.6746692
0.806005143
0.764430435
0.864702313
0.855389438
0.751113127
0.821025438
0.871513953
0.804195952
0.783860881
0.723753853
0.800590563
0.848690556
0.77104247
0.711633993
0.704629413
0.81948773
0.756215287
0.739585424
0.794549665
0.732574256
